Local matrix size       = 1.9353 GiBs
Total device memory use = 2.2493 GiBs
--------------------------------------------------------------------------------------------------------------------------------------------------------------------
   %   | Column    | Step Time (s) ||         DGEMM GFLOPS         || pdfact (s) | pmxswp (s) | Lbcast (s) | laswp (s) | GPU Sync (s) | Step GFLOPS | Overall GFLOPS
       |           |               |  Small   |  First   | Second   |            |            |            |           |              |             |               
--------------------------------------------------------------------------------------------------------------------------------------------------------------------
  0.9% | 000000384 |    0.0217260  |          | 5.124e+04|          |            |            |  2.151e-02 | 0.000e+00 |   2.115e-05  |  7.115e+04  |    4.825e+04   
  1.7% | 000000768 |    0.0043435  |          | 4.877e+04|          |            |            |  3.886e-03 | 0.000e+00 |   1.971e-05  |  3.498e+05  |    8.423e+04   
  2.6% | 000001152 |    0.0080051  |          | 5.242e+04|          |            |            |  7.816e-03 | 0.000e+00 |   1.753e-05  |  1.865e+05  |    1.027e+05   
  3.4% | 000001536 |    0.0109979  |          | 5.250e+04|          |            |            |  1.082e-02 | 0.000e+00 |   1.958e-05  |  1.334e+05  |    1.088e+05   
  4.3% | 000001920 |    0.0112324  |          | 5.121e+04|          |            |            |  1.105e-02 | 0.000e+00 |   1.865e-05  |  1.284e+05  |    1.120e+05   
  5.1% | 000002304 |    0.0112204  |          | 5.004e+04|          |            |            |  1.087e-02 | 0.000e+00 |   1.853e-05  |  1.262e+05  |    1.141e+05   
  6.0% | 000002688 |    0.0108438  |          | 5.322e+04|          |            |            |  1.066e-02 | 0.000e+00 |   1.923e-05  |  1.283e+05  |    1.158e+05   
  6.8% | 000003072 |    0.0113139  | 5.243e+04| 5.251e+04|          |  7.353e-03 |  1.754e-04 |  3.026e-03 | 0.000e+00 |   1.425e-05  |  1.207e+05  |    1.164e+05   
  7.7% | 000003456 |    0.0497183  |          | 5.150e+04|          |            |            |  4.942e-02 | 0.000e+00 |   1.988e-05  |  2.698e+04  |    8.668e+04   
  8.5% | 000003840 |    0.0119371  |          | 3.890e+04|          |            |            |  1.170e-02 | 0.000e+00 |   1.863e-05  |  1.103e+05  |    8.842e+04   
  9.4% | 000004224 |    0.0043561  |          | 3.807e+04|          |            |            |  4.015e-03 | 0.000e+00 |   1.395e-04  |  2.967e+05  |    9.388e+04   
 10.2% | 000004608 |    0.0221652  |          | 5.053e+04|          |            |            |  1.867e-02 | 0.000e+00 |   2.263e-05  |  5.723e+04  |    8.956e+04   
 11.1% | 000004992 |    0.0090945  |          | 4.848e+04|          |            |            |  8.497e-03 | 0.000e+00 |   2.081e-05  |  1.368e+05  |    9.174e+04   
 11.9% | 000005376 |    0.0032036  |          | 5.138e+04|          |            |            |  2.868e-03 | 0.000e+00 |   1.301e-04  |  3.811e+05  |    9.635e+04   
 12.8% | 000005760 |    0.0107614  |          | 5.056e+04|          |            |            |  1.057e-02 | 0.000e+00 |   1.974e-05  |  1.113e+05  |    9.711e+04   
 13.6% | 000006144 |    0.0108196  | 4.914e+04| 5.362e+04|          |  7.173e-03 |  1.772e-04 |  2.779e-03 | 0.000e+00 |   6.977e-05  |  1.085e+05  |    9.767e+04   
 14.5% | 000006528 |    0.0111498  |          | 5.285e+04|          |            |            |  1.085e-02 | 0.000e+00 |   1.918e-05  |  1.033e+05  |    9.793e+04   
 15.3% | 000006912 |    0.0140536  |          | 3.756e+04|          |            |            |  1.382e-02 | 0.000e+00 |   1.990e-05  |  8.031e+04  |    9.693e+04   
 16.2% | 000007296 |    0.0101376  |          | 5.245e+04|          |            |            |  9.908e-03 | 0.000e+00 |   1.941e-05  |  1.091e+05  |    9.740e+04   
 17.0% | 000007680 |    0.0107828  |          | 5.215e+04|          |            |            |  1.055e-02 | 0.000e+00 |   1.908e-05  |  1.005e+05  |    9.753e+04   
 17.9% | 000008064 |    0.0104754  |          | 5.223e+04|          |            |            |  1.026e-02 | 0.000e+00 |   1.719e-05  |  1.014e+05  |    9.767e+04   
 18.8% | 000008448 |    0.0106222  |          | 5.219e+04|          |            |            |  1.040e-02 | 0.000e+00 |   1.938e-05  |  9.791e+04  |    9.768e+04   
 19.6% | 000008832 |    0.0113474  |          | 5.351e+04|          |            |            |  1.109e-02 | 0.000e+00 |   2.036e-05  |  8.975e+04  |    9.738e+04   
 20.5% | 000009216 |    0.0115316  | 4.040e+04| 3.567e+04|          |  7.077e-03 |  1.717e-04 |  3.603e-03 | 0.000e+00 |   1.808e-05  |  8.647e+04  |    9.697e+04   
 21.3% | 000009600 |    0.0117720  |          | 5.451e+04|          |            |            |  1.150e-02 | 0.000e+00 |   1.910e-05  |  8.290e+04  |    9.646e+04   
 22.2% | 000009984 |    0.0277761  |          | 5.438e+04|          |            |            |  2.755e-02 | 0.000e+00 |   1.779e-05  |  3.438e+04  |    9.156e+04   
 23.0% | 000010368 |    0.0070352  |          | 5.347e+04|          |            |            |  6.828e-03 | 0.000e+00 |   1.905e-05  |  1.328e+05  |    9.236e+04   
 23.9% | 000010752 |    0.0110716  |          | 5.388e+04|          |            |            |  1.089e-02 | 0.000e+00 |   1.752e-05  |  8.254e+04  |    9.207e+04   
 24.7% | 000011136 |    0.0108164  |          | 5.354e+04|          |            |            |  1.058e-02 | 0.000e+00 |   1.922e-05  |  8.262e+04  |    9.180e+04   
 25.6% | 000011520 |    0.0103965  |          | 5.364e+04|          |            |            |  1.014e-02 | 0.000e+00 |   1.864e-05  |  8.403e+04  |    9.159e+04   
 26.4% | 000011904 |    0.0098505  |          | 5.424e+04|          |            |            |  9.600e-03 | 0.000e+00 |   1.831e-05  |  8.668e+04  |    9.147e+04   
 27.3% | 000012288 |    0.0101049  | 4.293e+04| 5.555e+04|          |  6.930e-03 |  1.708e-04 |  2.325e-03 | 0.000e+00 |   6.584e-05  |  8.257e+04  |    9.125e+04   
 28.1% | 000012672 |    0.0102155  |          | 5.257e+04|          |            |            |  9.913e-03 | 0.000e+00 |   1.895e-05  |  7.978e+04  |    9.097e+04   
 29.0% | 000013056 |    0.0097410  |          | 5.419e+04|          |            |            |  9.552e-03 | 0.000e+00 |   1.935e-05  |  8.171e+04  |    9.076e+04   
 29.8% | 000013440 |    0.0100424  |          | 5.433e+04|          |            |            |  9.855e-03 | 0.000e+00 |   1.924e-05  |  7.737e+04  |    9.045e+04   
 30.7% | 000013824 |    0.0100994  |          | 5.356e+04|          |            |            |  9.869e-03 | 0.000e+00 |   1.731e-05  |  7.509e+04  |    9.011e+04   
 31.5% | 000014208 |    0.0099831  |          | 5.268e+04|          |            |            |  9.800e-03 | 0.000e+00 |   1.887e-05  |  7.412e+04  |    8.976e+04   
 32.4% | 000014592 |    0.0100618  |          | 5.535e+04|          |            |            |  9.837e-03 | 0.000e+00 |   1.874e-05  |  7.173e+04  |    8.937e+04   
 33.2% | 000014976 |    0.0095339  |          | 5.491e+04|          |            |            |  9.311e-03 | 0.000e+00 |   1.891e-05  |  7.382e+04  |    8.906e+04   
 34.1% | 000015360 |    0.0097462  | 3.950e+04| 5.300e+04|          |  6.860e-03 |  1.756e-04 |  2.108e-03 | 0.000e+00 |   2.062e-05  |  7.039e+04  |    8.869e+04   
 34.9% | 000015744 |    0.0099392  |          | 5.151e+04|          |            |            |  9.652e-03 | 0.000e+00 |   1.919e-05  |  6.726e+04  |    8.826e+04   
 35.8% | 000016128 |    0.0095256  |          | 5.525e+04|          |            |            |  9.332e-03 | 0.000e+00 |   1.931e-05  |  6.837e+04  |    8.789e+04   
 36.6% | 000016512 |    0.0097818  |          | 5.482e+04|          |            |            |  9.560e-03 | 0.000e+00 |   1.855e-05  |  6.483e+04  |    8.746e+04   
 37.5% | 000016896 |    0.0292294  |          | 5.433e+04|          |            |            |  2.899e-02 | 0.000e+00 |   2.089e-05  |  2.112e+04  |    8.393e+04   
 38.4% | 000017280 |    0.0091799  |          | 5.251e+04|          |            |            |  8.910e-03 | 0.000e+00 |   1.999e-05  |  6.544e+04  |    8.362e+04   
 39.2% | 000017664 |    0.0098904  |          | 5.296e+04|          |            |            |  9.648e-03 | 0.000e+00 |   1.952e-05  |  5.908e+04  |    8.319e+04   
 40.1% | 000018048 |    0.0091478  |          | 5.322e+04|          |            |            |  8.935e-03 | 0.000e+00 |   1.724e-05  |  6.211e+04  |    8.286e+04   
 40.9% | 000018432 |    0.0448803  | 3.590e+04| 2.717e+04|          |  2.701e-02 |  1.993e-04 |  1.707e-02 | 0.000e+00 |   2.765e-05  |  1.231e+04  |    7.777e+04   
 41.8% | 000018816 |    0.0105890  |          | 5.202e+04|          |            |            |  1.023e-02 | 0.000e+00 |   2.095e-05  |  5.067e+04  |    7.731e+04   
 42.6% | 000019200 |    0.0097402  |          | 5.312e+04|          |            |            |  9.550e-03 | 0.000e+00 |   2.111e-05  |  5.350e+04  |    7.695e+04   
 43.5% | 000019584 |    0.0094307  |          | 5.258e+04|          |            |            |  9.214e-03 | 0.000e+00 |   2.108e-05  |  5.364e+04  |    7.661e+04   
 44.3% | 000019968 |    0.0095038  |          | 5.208e+04|          |            |            |  9.298e-03 | 0.000e+00 |   1.967e-05  |  5.164e+04  |    7.625e+04   
 45.2% | 000020352 |    0.0094397  |          | 5.335e+04|          |            |            |  9.241e-03 | 0.000e+00 |   2.029e-05  |  5.043e+04  |    7.589e+04   
 46.0% | 000020736 |    0.0095737  |          | 5.512e+04|          |            |            |  9.324e-03 | 0.000e+00 |   3.532e-05  |  4.820e+04  |    7.550e+04   
 46.9% | 000021120 |    0.0088785  |          | 5.126e+04|          |            |            |  8.426e-03 | 0.000e+00 |   2.144e-05  |  5.036e+04  |    7.517e+04   
 47.7% | 000021504 |    0.0097922  | 2.899e+04| 5.337e+04|          |  7.005e-03 |  1.877e-04 |  1.682e-03 | 0.000e+00 |   2.056e-05  |  4.422e+04  |    7.474e+04   
 48.6% | 000021888 |    0.0253536  |          | 5.062e+04|          |            |            |  2.502e-02 | 0.000e+00 |   2.241e-05  |  1.653e+04  |    7.270e+04   
 49.4% | 000022272 |    0.0020629  |          | 4.374e+04|          |            |            |  1.683e-03 | 0.000e+00 |   1.971e-05  |  1.965e+05  |    7.305e+04   
 50.3% | 000022656 |    0.0067767  |          | 5.045e+04|          |            |            |  6.544e-03 | 0.000e+00 |   2.114e-05  |  5.784e+04  |    7.291e+04   
 51.1% | 000023040 |    0.0248436  |          | 2.234e+04|          |            |            |  2.461e-02 | 0.000e+00 |   2.175e-05  |  1.525e+04  |    7.102e+04   
 52.0% | 000023424 |    0.0088835  |          | 5.401e+04|          |            |            |  8.632e-03 | 0.000e+00 |   2.192e-05  |  4.118e+04  |    7.067e+04   
 52.8% | 000023808 |    0.0090531  |          | 5.359e+04|          |            |            |  8.824e-03 | 0.000e+00 |   2.118e-05  |  3.900e+04  |    7.030e+04   
 53.7% | 000024192 |    0.0087067  |          | 4.886e+04|          |            |            |  8.399e-03 | 0.000e+00 |   1.986e-05  |  3.911e+04  |    6.996e+04   
 54.5% | 000024576 |    0.0089174  | 4.605e+04| 5.337e+04|          |  6.800e-03 |  1.835e-04 |  1.454e-03 | 0.000e+00 |   2.113e-05  |  3.680e+04  |    6.958e+04   
 55.4% | 000024960 |    0.0090700  |          | 4.657e+04|          |            |            |  8.684e-03 | 0.000e+00 |   2.198e-05  |  3.485e+04  |    6.919e+04   
 56.2% | 000025344 |    0.0086520  |          | 5.041e+04|          |            |            |  8.424e-03 | 0.000e+00 |   2.026e-05  |  3.517e+04  |    6.883e+04   
 57.1% | 000025728 |    0.0088706  |          | 4.973e+04|          |            |            |  8.631e-03 | 0.000e+00 |   1.953e-05  |  3.299e+04  |    6.844e+04   
 58.0% | 000026112 |    0.0089960  |          | 4.872e+04|          |            |            |  8.758e-03 | 0.000e+00 |   1.934e-05  |  3.126e+04  |    6.804e+04   
 58.8% | 000026496 |    0.0084625  |          | 4.287e+04|          |            |            |  8.144e-03 | 0.000e+00 |   2.137e-05  |  3.191e+04  |    6.767e+04   
 59.7% | 000026880 |    0.0088004  |          | 5.365e+04|          |            |            |  8.558e-03 | 0.000e+00 |   2.104e-05  |  2.944e+04  |    6.727e+04   
 60.5% | 000027264 |    0.0083973  |          | 5.316e+04|          |            |            |  8.156e-03 | 0.000e+00 |   2.131e-05  |  2.958e+04  |    6.690e+04   
 61.4% | 000027648 |    0.0087000  | 4.108e+04| 5.404e+04|          |  6.792e-03 |  1.837e-04 |  1.251e-03 | 0.000e+00 |   2.097e-05  |  2.734e+04  |    6.650e+04   
 62.2% | 000028032 |    0.0087854  |          | 4.802e+04|          |            |            |  8.434e-03 | 0.000e+00 |   2.067e-05  |  2.591e+04  |    6.609e+04   
 63.1% | 000028416 |    0.0084592  |          | 5.159e+04|          |            |            |  8.251e-03 | 0.000e+00 |   2.165e-05  |  2.572e+04  |    6.571e+04   
 63.9% | 000028800 |    0.0422010  |          | 4.438e+04|          |            |            |  4.189e-02 | 0.000e+00 |   2.191e-05  |  4.923e+03  |    6.293e+04   
 64.8% | 000029184 |    0.0134158  |          | 4.778e+04|          |            |            |  1.309e-02 | 0.000e+00 |   3.612e-05  |  1.477e+04  |    6.224e+04   
 65.6% | 000029568 |    0.0062397  |          | 4.196e+04|          |            |            |  1.205e-03 | 0.000e+00 |   1.969e-05  |  3.026e+04  |    6.202e+04   
 66.5% | 000029952 |    0.0022725  |          | 4.824e+04|          |            |            |  2.054e-03 | 0.000e+00 |   1.921e-05  |  7.907e+04  |    6.206e+04   
 67.3% | 000030336 |    0.0080614  |          | 4.719e+04|          |            |            |  7.848e-03 | 0.000e+00 |   1.918e-05  |  2.119e+04  |    6.172e+04   
 68.2% | 000030720 |    0.0084987  | 3.011e+04| 4.814e+04|          |  6.795e-03 |  1.748e-04 |  1.034e-03 | 0.000e+00 |   1.979e-05  |  1.907e+04  |    6.134e+04   
 69.0% | 000031104 |    0.0084887  |          | 4.758e+04|          |            |            |  8.228e-03 | 0.000e+00 |   1.842e-05  |  1.810e+04  |    6.096e+04   
 69.9% | 000031488 |    0.0086538  |          | 3.207e+04|          |            |            |  8.320e-03 | 0.000e+00 |   1.712e-05  |  1.680e+04  |    6.057e+04   
 70.7% | 000031872 |    0.0152002  |          | 4.233e+04|          |            |            |  1.496e-02 | 0.000e+00 |   2.008e-05  |  9.040e+03  |    5.978e+04   
 71.6% | 000032256 |    0.0061606  |          | 4.140e+04|          |            |            |  5.930e-03 | 0.000e+00 |   1.666e-05  |  2.104e+04  |    5.955e+04   
 72.4% | 000032640 |    0.0060651  |          | 4.159e+04|          |            |            |  5.848e-03 | 0.000e+00 |   1.666e-05  |  2.013e+04  |    5.931e+04   
 73.3% | 000033024 |    0.0081955  |          | 4.017e+04|          |            |            |  7.970e-03 | 0.000e+00 |   1.784e-05  |  1.400e+04  |    5.894e+04   
 74.1% | 000033408 |    0.0078091  |          | 3.876e+04|          |            |            |  7.578e-03 | 0.000e+00 |   1.888e-05  |  1.379e+04  |    5.860e+04   
 75.0% | 000033792 |    0.0080779  | 3.033e+04| 4.148e+04|          |  6.634e-03 |  1.704e-04 |  8.194e-04 | 0.000e+00 |   1.721e-05  |  1.248e+04  |    5.823e+04   
 75.9% | 000034176 |    0.0082957  |          | 3.597e+04|          |            |            |  8.027e-03 | 0.000e+00 |   1.969e-05  |  1.135e+04  |    5.786e+04   
 76.7% | 000034560 |    0.0082111  |          | 3.253e+04|          |            |            |  7.943e-03 | 0.000e+00 |   1.924e-05  |  1.069e+04  |    5.749e+04   
 77.6% | 000034944 |    0.0081436  |          | 3.929e+04|          |            |            |  7.955e-03 | 0.000e+00 |   1.771e-05  |  1.001e+04  |    5.712e+04   
 78.4% | 000035328 |    0.0075432  |          | 3.478e+04|          |            |            |  7.319e-03 | 0.000e+00 |   1.718e-05  |  1.002e+04  |    5.679e+04   
 79.3% | 000035712 |    0.0075761  |          | 3.773e+04|          |            |            |  7.380e-03 | 0.000e+00 |   1.690e-05  |  9.219e+03  |    5.645e+04   
 80.1% | 000036096 |    0.0091369  |          | 2.904e+04|          |            |            |  8.874e-03 | 0.000e+00 |   1.996e-05  |  7.041e+03  |    5.603e+04   
 81.0% | 000036480 |    0.0103015  |          | 3.278e+04|          |            |            |  1.004e-02 | 0.000e+00 |   2.026e-05  |  5.732e+03  |    5.556e+04   
 81.8% | 000036864 |    0.0077153  | 3.754e+04| 3.942e+04|          |  6.594e-03 |  1.712e-04 |  6.000e-04 | 0.000e+00 |   1.967e-05  |  6.998e+03  |    5.522e+04   
 82.7% | 000037248 |    0.0079212  |          | 3.281e+04|          |            |            |  7.636e-03 | 0.000e+00 |   1.929e-05  |  6.206e+03  |    5.486e+04   
 83.5% | 000037632 |    0.0079077  |          | 3.569e+04|          |            |            |  7.720e-03 | 0.000e+00 |   1.857e-05  |  5.634e+03  |    5.451e+04   
 84.4% | 000038016 |    0.0077778  |          | 2.424e+04|          |            |            |  7.542e-03 | 0.000e+00 |   1.896e-05  |  5.165e+03  |    5.417e+04   
 85.2% | 000038400 |    0.0072810  |          | 2.738e+04|          |            |            |  7.041e-03 | 0.000e+00 |   1.896e-05  |  4.947e+03  |    5.385e+04   
 86.1% | 000038784 |    0.0078140  |          | 2.506e+04|          |            |            |  7.558e-03 | 0.000e+00 |   1.846e-05  |  4.108e+03  |    5.351e+04   
 86.9% | 000039168 |    0.0074944  |          | 2.533e+04|          |            |            |  7.247e-03 | 0.000e+00 |   1.682e-05  |  3.789e+03  |    5.319e+04   
 87.8% | 000039552 |    0.0073140  |          | 2.019e+04|          |            |            |  7.044e-03 | 0.000e+00 |   1.886e-05  |  3.408e+03  |    5.287e+04   
 88.6% | 000039936 |    0.0073794  | 2.064e+04| 4.420e+04|          |  6.516e-03 |  1.777e-04 |  3.928e-04 | 0.000e+00 |   1.975e-05  |  2.938e+03  |    5.255e+04   
 89.5% | 000040320 |    0.0077008  |          | 1.886e+04|          |            |            |  7.422e-03 | 0.000e+00 |   1.691e-05  |  2.423e+03  |    5.222e+04   
 90.3% | 000040704 |    0.0075270  |          | 2.840e+04|          |            |            |  7.350e-03 | 0.000e+00 |   2.148e-05  |  2.108e+03  |    5.190e+04   
 91.2% | 000041088 |    0.0072593  |          | 2.022e+04|          |            |            |  7.025e-03 | 0.000e+00 |   2.260e-05  |  1.832e+03  |    5.159e+04   
 92.0% | 000041472 |    0.0066960  |          | 1.658e+04|          |            |            |  6.447e-03 | 0.000e+00 |   1.749e-05  |  1.637e+03  |    5.131e+04   
 92.9% | 000041856 |    0.0070571  |          | 1.328e+04|          |            |            |  6.784e-03 | 0.000e+00 |   2.123e-05  |  1.253e+03  |    5.101e+04   
 93.8% | 000042240 |    0.0067922  |          | 2.010e+04|          |            |            |  6.559e-03 | 0.000e+00 |   1.874e-05  |  1.024e+03  |    5.073e+04   
 94.6% | 000042624 |    0.0065515  |          | 1.384e+04|          |            |            |  6.304e-03 | 0.000e+00 |   1.680e-05  |  8.084e+02  |    5.046e+04   
 95.5% | 000043008 |    0.0067081  | 2.538e+04|          |          |  6.235e-03 |  1.694e-04 |  1.767e-04 | 0.000e+00 |   1.880e-05  |  5.757e+02  |    5.018e+04   
 96.3% | 000043392 |    0.0069381  |          |          |          |            |            |  6.916e-03 | 0.000e+00 |   7.000e-07  |  3.826e+02  |    4.990e+04   
 97.2% | 000043776 |    0.0069426  |          |          |          |            |            |  6.924e-03 | 0.000e+00 |   3.900e-07  |  2.410e+02  |    4.962e+04   
 98.0% | 000044160 |    0.0294412  |          |          |          |            |            |  2.942e-02 | 0.000e+00 |   3.900e-07  |  3.119e+01  |    4.846e+04   
 98.9% | 000044544 |    0.0188781  |          |          |          |            |            |  1.886e-02 | 0.000e+00 |   3.900e-07  |  2.065e+01  |    4.774e+04   
 99.7% | 000044928 |    0.0064467  |          |          |          |            |            |  6.425e-03 | 0.000e+00 |   3.900e-07  |  1.514e+00  |    4.750e+04   
Final Score:    4.6291e+04 GFLOPS 
Residual value = 0.000025893490338 (0x3efb26bb1b5cdb39)
Residual Check: PASSED 
